badge_id,time,ir_min,ir_max,uv_min,uv_max,viz_min,viz_max,infector
22,1097624785,466,494,5,8,268,271,140
68,1085355985,563,613,8,11,272,278,140
68,1085355985,563,613,8,11,272,278,0
68,1085355985,563,613,8,11,272,278,0
150,1097624785,466,494,5,8,268,271,0
254,1097624785,466,494,5,8,268,271,0
68,1085355985,563,613,8,11,272,278,0
68,1085355985,563,613,8,11,272,278,0
68,1085355985,563,613,8,11,272,278,0
254,1097624785,466,494,5,8,268,271,0
68,1085355985,563,613,8,11,272,278,0
68,1085355985,563,613,8,11,272,278,0
68,1085355985,563,613,8,11,272,278,0
254,1097624785,466,494,5,8,268,271,0
68,1085355985,563,613,8,11,272,278,0
68,1085355985,563,613,8,11,272,278,0
68,1085355985,563,613,8,11,272,278,0
68,1085355985,563,613,8,11,272,278,0
68,1085355985,563,613,8,11,272,278,0
68,1085355985,563,613,8,11,272,278,0
68,1085355985,563,613,8,11,272,278,0
154,1085355985,563,613,8,11,272,278,0
154,1085355985,563,613,8,11,272,278,20
68,1085355985,563,613,8,11,272,278,0
68,1085355985,563,613,8,11,272,278,0
68,1085355985,563,613,8,11,272,278,0
68,1085355985,563,613,8,11,272,278,0
68,1085355985,563,613,8,11,272,278,0
254,1097624785,464,494,5,9,268,273,0
68,1085355985,563,613,8,11,272,278,0
68,1085355985,563,613,8,11,272,278,0
68,1085355985,563,613,8,11,272,278,0
68,1085355985,563,613,8,11,272,278,0
68,1085355985,563,613,8,11,272,278,0
68,1085355985,563,613,8,11,272,278,0
254,1097624785,464,494,5,9,268,273,0
254,1097624785,464,494,5,9,268,273,0
68,1085355985,563,613,8,11,272,278,0
68,1085355985,563,613,8,11,272,278,0
68,1085355985,563,613,8,11,272,278,0
68,1085355985,563,613,8,11,272,278,0
68,1085355985,563,613,8,11,272,278,0
68,1085355985,563,613,8,11,272,278,0
254,1097624785,464,494,5,9,268,273,0
254,1097624785,464,494,5,9,268,273,0
254,1097624785,464,494,5,9,268,273,0
68,1085355985,563,613,8,11,272,278,0
68,1085355985,563,613,8,11,272,278,0
68,1085355985,563,613,8,11,272,278,0
254,1097624785,464,494,5,9,268,273,0
254,1097624785,464,494,5,9,268,273,0
254,1097624785,464,494,5,9,268,273,0
68,1085355985,563,613,8,11,272,278,0
68,1085355985,563,613,8,11,272,278,0
68,1085355985,563,613,8,11,272,278,0
254,1097624785,464,494,5,9,268,273,0
254,1097624785,464,494,5,9,268,273,0
254,1097624785,464,494,5,9,268,273,0
68,1085355985,563,613,8,11,272,278,0
68,1085355985,563,613,8,11,272,278,0
254,1097624785,464,494,5,9,268,273,0
254,1097624785,464,494,5,9,268,273,0
254,1097624785,464,494,5,9,268,273,0
68,1085355985,563,613,8,11,272,278,0
68,1085355985,563,613,8,11,272,278,0
68,1085355985,563,613,8,11,272,278,0
254,1097624785,464,494,5,9,268,273,0
254,1097624785,464,494,5,9,268,273,0
254,1097624785,464,494,5,9,268,273,0
68,1085355985,563,613,8,11,272,278,0
68,1085355985,563,613,8,11,272,278,0
68,1085355985,563,613,8,11,272,278,0
254,1097624785,464,494,5,9,268,273,0
254,1097624785,464,494,5,9,268,273,0
254,1097624785,464,494,5,9,268,273,0
68,1085355985,563,613,8,11,272,278,0
68,1085355985,563,613,8,11,272,278,0
68,1085355985,563,613,8,11,272,278,0
254,1097624785,464,494,5,9,268,273,0
254,1097624785,464,494,5,9,268,273,0
254,1097624785,464,494,5,9,268,273,0
68,1085355985,563,613,8,11,272,278,0
68,1085355985,563,613,8,11,272,278,0
68,1085355985,563,613,8,11,272,278,0
254,1097624785,464,494,5,9,268,273,0
254,1097624785,464,494,5,9,268,273,0
254,1097624785,464,494,5,9,268,273,0
68,1085355985,563,613,8,11,272,278,0
68,1085355985,563,613,8,11,272,278,0
68,1085355985,563,613,8,11,272,278,0
254,1097624785,464,494,5,9,268,273,0
254,1097624785,464,494,5,9,268,273,0
68,1085355985,563,613,8,11,272,278,0
68,1085355985,563,613,8,11,272,278,0
68,1085355985,563,613,8,11,272,278,0
254,1097624785,464,494,5,9,268,273,0
254,1097624785,464,494,5,9,268,273,0
254,1097624785,464,494,5,9,268,273,0
68,1085355985,563,613,8,11,272,278,0
68,1085355985,563,613,8,11,272,278,0
68,1085355985,563,613,8,11,272,278,0
254,1097624785,464,494,5,9,268,273,0
254,1097624785,464,494,5,9,268,273,0
68,1085355985,563,613,8,11,272,278,0
68,1085355985,563,613,8,11,272,278,0
68,1085355985,563,613,8,11,272,278,0
254,1097624785,464,494,5,9,268,273,0
254,1097624785,464,494,5,9,268,273,0
254,1097624785,464,494,5,9,268,273,0
68,1085355985,563,613,8,11,272,278,0
68,1085355985,563,613,8,11,272,278,0
68,1085355985,563,613,8,11,272,278,0
254,1097624785,464,494,5,9,268,273,0
254,1097624785,464,494,5,9,268,273,0
68,1085355985,563,613,8,11,272,278,0
68,1085355985,563,613,8,11,272,278,0
68,1085355985,563,613,8,11,272,278,0
254,1097624785,464,494,5,9,268,273,0
254,1097624785,464,494,5,9,268,273,0
254,1097624785,464,494,5,9,268,273,0
68,1085355985,563,613,8,11,272,278,0
68,1085355985,563,613,8,11,272,278,0
68,1085355985,563,613,8,11,272,278,0
254,1097624785,464,494,5,9,268,273,0
254,1097624785,464,494,5,9,268,273,0
68,1085355985,563,613,8,11,272,278,0
68,1085355985,563,613,8,11,272,278,0
68,1085355985,563,613,8,11,272,278,0
254,1097624785,464,494,5,9,268,273,0
254,1097624785,464,494,5,9,268,273,0
254,1097624785,464,494,5,9,268,273,0
68,1085355985,563,613,8,11,272,278,0
68,1085355985,563,613,8,11,272,278,0
68,1085355985,563,613,8,11,272,278,0
254,1097624785,464,494,5,9,268,273,0
254,1097624785,464,494,5,9,268,273,0
254,1097624785,464,494,5,9,268,273,0
68,1085355985,563,613,8,11,272,278,0
68,1085355985,563,613,8,11,272,278,0
68,1085355985,563,613,8,11,272,278,0
254,1097624785,464,494,5,9,268,273,0
254,1097624785,464,494,5,9,268,273,0
254,1097624785,464,494,5,9,268,273,0
68,1085355985,563,613,8,11,272,278,0
68,1085355985,563,613,8,11,272,278,0
68,1085355985,563,613,8,11,272,278,0
254,1097624785,464,494,5,9,268,273,0
254,1097624785,464,494,5,9,268,273,0
254,1097624785,464,494,5,9,268,273,0
68,1085355985,563,613,8,11,272,278,0
68,1085355985,563,613,8,11,272,278,0
68,1085355985,563,613,8,11,272,278,0
254,1097624785,464,494,5,9,268,273,0
254,1097624785,464,494,5,9,268,273,0
68,1085355985,563,613,8,11,272,278,0
68,1085355985,563,613,8,11,272,278,0
68,1085355985,563,613,8,11,272,278,0
254,1097624785,464,494,5,9,268,273,0
254,1097624785,464,494,5,9,268,273,0
68,1085355985,563,613,8,11,272,278,0
68,1085355985,563,613,8,11,272,278,0
68,1085355985,563,613,8,11,272,278,0
254,1097624785,464,494,5,9,268,273,0
254,1097624785,464,494,5,9,268,273,0
254,1097624785,464,494,5,9,268,273,0
68,1085355985,563,613,8,11,272,278,0
68,1085355985,563,613,8,11,272,278,0
68,1085355985,563,613,8,11,272,278,0
254,1097624785,464,494,5,9,268,273,0
254,1097624785,464,494,5,9,268,273,0
254,1097624785,464,494,5,9,268,273,0
68,1085355985,563,613,8,11,272,278,0
68,1085355985,563,613,8,11,272,278,0
254,1097624785,464,494,5,9,268,273,0
254,1097624785,464,494,5,9,268,273,0
254,1097624785,464,494,5,9,268,273,0
68,1085355985,563,613,8,11,272,278,0
68,1085355985,563,613,8,11,272,278,0
68,1085355985,563,613,8,11,272,278,0
254,1097624785,464,494,5,9,268,273,0
254,1097624785,464,494,5,9,268,273,0
254,1097624785,464,494,5,9,268,273,0
68,1085355985,563,613,8,11,272,278,0
68,1085355985,563,613,8,11,272,278,0
68,1085355985,563,613,8,11,272,278,0
254,1097624785,464,494,5,9,268,273,0
254,1097624785,464,494,5,9,268,273,0
254,1097624785,464,494,5,9,268,273,0
68,1085355985,563,613,8,11,272,278,0
68,1085355985,563,613,8,11,272,278,0
68,1085355985,563,613,8,11,272,278,0
254,1097624785,464,494,5,9,268,273,0
254,1097624785,464,494,5,9,268,273,0
68,1085355985,563,613,8,11,272,278,0
68,1085355985,563,613,8,11,272,278,0
68,1085355985,563,613,8,11,272,278,0
254,1097624785,464,494,5,9,268,273,0
68,1085355985,563,613,8,11,272,278,0
68,1085355985,563,613,8,11,272,278,0
68,1085355985,563,613,8,11,272,278,0
254,1097624785,464,494,5,9,268,273,0
254,1097624785,464,494,5,9,268,273,0
254,1097624785,464,494,5,9,268,273,0
68,1085355985,563,613,8,11,272,278,0
68,1085355985,563,613,8,11,272,278,0
68,1085355985,563,613,8,11,272,278,0
254,1097624785,464,494,5,9,268,273,0
68,1085355985,563,613,8,11,272,278,0
68,1085355985,563,613,8,11,272,278,0
68,1085355985,563,613,8,11,272,278,0
254,1097624785,464,494,5,9,267,273,0
254,1097624785,464,494,5,9,267,273,0
254,1097624785,464,494,5,9,267,273,0
68,1085355985,563,613,8,11,272,278,0
68,1085355985,563,613,8,11,272,278,0
68,1085355985,563,613,8,11,272,278,0
254,1097624785,464,494,5,9,267,273,0
254,1097624785,464,494,5,9,267,273,0
254,1097624785,464,494,5,9,267,273,0
68,1085355985,563,613,8,11,272,278,0
68,1085355985,563,613,8,11,272,278,0
68,1085355985,563,613,8,11,272,278,0
254,1097624785,464,494,5,9,267,273,0
254,1097624785,464,494,5,9,267,273,0
254,1097624785,464,494,5,9,267,273,0
68,1085355985,563,613,8,11,272,278,0
68,1085355985,563,613,8,11,272,278,0
68,1085355985,563,613,8,11,272,278,0
254,1097624785,464,494,5,9,267,273,0
254,1097624785,464,494,5,9,267,273,0
254,1097624785,464,494,5,9,267,273,0
68,1085355985,563,613,8,11,272,278,0
68,1085355985,563,613,8,11,272,278,0
68,1085355985,563,613,8,11,272,278,0
254,1097624785,464,500,5,9,267,273,0
68,1085355985,563,613,8,11,272,278,0
68,1085355985,563,613,8,11,272,278,0
68,1085355985,563,613,8,11,272,278,0
254,1097624785,464,500,5,9,267,273,0
254,1097624785,464,500,5,9,267,273,0
68,1085355985,563,613,8,11,272,278,0
68,1085355985,563,613,8,11,272,278,0
68,1085355985,563,613,8,11,272,278,0
254,1097624785,464,500,5,9,267,273,0
254,1097624785,464,500,5,9,267,273,0
254,1097624785,464,500,5,9,267,273,0
68,1085355985,563,613,8,11,272,278,0
68,1085355985,563,613,8,11,272,278,0
68,1085355985,563,613,8,11,272,278,0
254,1097624785,464,500,5,9,267,273,0
254,1097624785,464,500,5,9,267,273,0
254,1097624785,464,500,5,9,267,273,0
68,1085355985,563,613,8,11,272,278,0
68,1085355985,563,613,8,11,272,278,0
68,1085355985,563,613,8,11,272,278,0
254,1097624785,464,500,5,9,267,273,0
254,1097624785,464,500,5,9,267,273,0
254,1097624785,464,500,5,9,267,273,0
68,1085355985,563,613,8,11,272,278,0
68,1085355985,563,613,8,11,272,278,0
68,1085355985,563,613,8,11,272,278,0
254,1097624785,464,500,5,9,267,273,0
254,1097624785,464,500,5,9,267,273,0
254,1097624785,464,500,5,9,267,273,0
68,1085355985,563,613,8,11,272,278,0
68,1085355985,563,613,8,11,272,278,0
254,1097624785,464,500,5,9,267,273,0
254,1097624785,464,500,5,9,267,273,0
68,1085355985,563,613,8,11,272,278,0
68,1085355985,563,613,8,11,272,278,0
68,1085355985,563,613,8,11,272,278,0
254,1097624785,464,500,5,9,267,273,0
254,1097624785,464,500,5,9,267,273,0
254,1097624785,464,500,5,9,267,273,0
68,1085355985,563,613,8,11,272,278,0
68,1085355985,563,613,8,11,272,278,0
68,1085355985,563,613,8,11,272,278,0
254,1097624785,464,500,5,9,267,273,0
254,1097624785,464,500,5,9,267,273,0
254,1097624785,464,500,5,9,267,273,0
68,1085355985,563,613,8,11,272,278,0
68,1085355985,563,613,8,11,272,278,0
68,1085355985,563,613,8,11,272,278,0
254,1097624785,464,500,5,9,267,273,0
254,1097624785,464,500,5,9,267,273,0
254,1097624785,464,500,5,9,267,273,0
68,1085355985,563,613,8,11,272,278,0
68,1085355985,563,613,8,11,272,278,0
68,1085355985,563,613,8,11,272,278,0
68,1085355985,563,613,8,11,272,278,0
68,1085355985,563,613,8,11,272,278,0
68,1085355985,563,613,8,11,272,278,0
254,1097624785,464,500,5,9,267,273,0
254,1097624785,464,500,5,9,267,273,0
254,1097624785,464,500,5,9,267,273,0
68,1085355985,563,613,8,11,272,278,0
68,1085355985,563,613,8,11,272,278,0
68,1085355985,563,613,8,11,272,278,0
254,1097624785,464,500,5,9,267,273,0
254,1097624785,464,500,5,9,267,273,0
254,1097624785,464,500,5,9,267,273,0
68,1085355985,563,613,8,11,272,278,0
68,1085355985,563,613,8,11,272,278,0
68,1085355985,563,613,8,11,272,278,0
254,1097624785,464,500,5,9,267,273,0
254,1097624785,464,500,5,9,267,273,0
254,1097624785,464,500,5,9,267,273,0
68,1085355985,563,613,8,11,272,278,0
68,1085355985,563,613,8,11,272,278,0
68,1085355985,563,613,8,11,272,278,0
68,1085355985,563,613,8,11,272,278,0
68,1085355985,563,613,8,11,272,278,0
254,1097624785,277,500,2,9,261,273,0
254,1097624785,277,500,2,9,261,273,0
254,1097624785,277,500,2,9,261,273,0
68,1085355985,563,613,8,11,272,278,0
68,1085355985,563,613,8,11,272,278,0
68,1085355985,563,613,8,11,272,278,0
68,1085355985,563,613,8,11,272,278,0
68,1085355985,563,613,8,11,272,278,0
68,1085355985,563,613,8,11,272,278,0
254,1097624785,274,500,2,9,261,273,0
254,1097624785,274,500,2,9,261,273,0
254,1097624785,274,500,2,9,261,273,0
68,1085355985,563,613,8,11,272,278,0
68,1085355985,563,613,8,11,272,278,0
68,1085355985,563,613,8,11,272,278,0
254,1097624785,274,500,2,9,260,273,0
254,1097624785,274,500,2,9,260,273,0
254,1097624785,274,500,2,9,260,273,0
68,1085355985,563,613,8,11,272,278,0
68,1085355985,563,613,8,11,272,278,0
68,1085355985,563,613,8,11,272,278,0
254,1097624785,274,500,2,9,260,273,0
68,1085355985,563,613,8,11,272,278,0
254,1097624785,274,500,2,9,260,273,0
68,1085355985,563,613,8,11,272,278,0
254,1097624785,274,500,2,9,260,273,0
68,1085355985,563,613,8,11,272,278,0
68,1085355985,563,613,8,11,272,278,0
68,1085355985,563,613,8,11,272,278,0
68,1085355985,563,613,8,11,272,278,0
254,1097624785,274,500,2,9,260,273,0
254,1097624785,274,500,2,9,260,273,0
254,1097624785,274,500,2,9,260,273,0
254,1097624785,274,500,2,9,260,273,0
254,1097624785,274,500,2,9,260,273,0
68,1085355985,563,613,8,11,272,278,0
68,1085355985,563,613,8,11,272,278,0
68,1085355985,563,613,8,11,272,278,0
254,1097624785,273,500,2,9,260,273,0
68,1085355985,563,613,8,11,272,278,0
68,1085355985,563,613,8,11,272,278,0
68,1085355985,563,613,8,11,272,278,0
68,1085355985,563,613,8,11,272,278,0
68,1085355985,563,613,8,11,272,278,0
68,1085355985,563,613,8,11,272,278,0
254,1097624785,273,500,2,9,260,273,0
68,1085355985,563,613,8,11,272,278,0
68,1085355985,563,613,8,11,272,278,0
68,1085355985,563,613,8,11,272,278,0
68,1085355985,563,613,8,11,272,278,0
68,1085355985,563,613,8,11,272,278,0
68,1085355985,563,613,8,11,272,278,0
254,1097624785,273,500,2,9,260,273,0
68,1085355985,563,613,8,11,272,278,0
68,1085355985,563,613,8,11,272,278,0
68,1085355985,563,613,8,11,272,278,0
68,1085355985,563,613,8,11,272,278,0
68,1085355985,563,613,8,11,272,278,0
68,1085355985,563,613,8,11,272,278,0
68,1085355985,563,613,8,11,272,278,0
254,1097624785,273,500,2,9,260,273,0
68,1085355985,563,613,8,11,272,278,0
68,1085355985,563,613,8,11,272,278,0
68,1085355985,563,613,8,11,272,278,0
68,1085355985,563,613,8,11,272,278,0
68,1085355985,563,613,8,11,272,278,0
254,1097624785,273,500,2,9,260,273,0
68,1085355985,563,613,8,11,272,278,0
68,1085355985,563,613,8,11,272,278,0
68,1085355985,563,613,8,11,272,278,0
254,1097624785,273,500,2,9,260,273,0
68,1085355985,563,613,8,11,272,278,0
68,1085355985,563,613,8,11,272,278,0
68,1085355985,563,613,8,11,272,278,0
254,1097624785,273,500,2,9,260,273,0
68,1085355985,563,613,8,11,272,278,0
68,1085355985,563,613,8,11,272,278,0
68,1085355985,563,613,8,11,272,278,0
254,1097624785,273,500,2,9,260,273,0
254,1097624785,273,500,2,9,260,273,0
254,1097624785,273,500,2,9,260,273,0
68,1085355985,563,613,8,11,272,278,0
68,1085355985,563,613,8,11,272,278,0
254,1097624785,273,500,2,9,260,273,0
254,1097624785,273,500,2,9,260,273,0
254,1097624785,273,500,2,9,260,273,0
68,1085355985,563,613,8,11,272,278,0
68,1085355985,563,613,8,11,272,278,0
68,1085355985,563,613,8,11,272,278,0
254,1097624785,273,500,2,9,260,273,0
254,1097624785,273,500,2,9,260,273,0
254,1097624785,273,500,2,9,260,273,0
68,1085355985,563,613,8,11,272,278,0
68,1085355985,563,613,8,11,272,278,0
68,1085355985,563,613,8,11,272,278,0
254,1097624785,273,500,2,9,260,273,0
254,1097624785,273,500,2,9,260,273,0
254,1097624785,273,500,2,9,260,273,0
68,1085355985,563,613,8,11,272,278,0
68,1085355985,563,613,8,11,272,278,0
68,1085355985,563,613,8,11,272,278,0
68,1085355985,563,613,8,11,272,278,0
68,1085355985,563,613,8,11,272,278,0
68,1085355985,563,613,8,11,272,278,0
254,1097624785,266,500,2,9,260,273,0
254,1097624785,266,500,2,9,260,273,0
68,1085355985,563,613,8,11,272,278,0
68,1085355985,563,613,8,11,272,278,0
68,1085355985,563,613,8,11,272,278,0
68,1085355985,563,613,8,11,272,278,0
68,1085355985,563,613,8,11,272,278,0
68,1085355985,563,613,8,11,272,278,0
254,1097624785,266,620,2,10,260,276,0
254,1097624785,266,620,2,10,260,276,0
254,1097624785,266,620,2,10,260,276,0
68,1085355985,563,613,8,11,272,278,0
68,1085355985,563,613,8,11,272,278,0
68,1085355985,563,613,8,11,272,278,0
254,1097624785,266,620,2,10,260,276,0
254,1097624785,266,620,2,10,260,276,0
254,1097624785,266,620,2,10,260,276,0
68,1085355985,563,613,8,11,272,278,0
68,1085355985,563,613,8,11,272,278,0
68,1085355985,563,613,8,11,272,278,0
254,1097624785,266,620,2,10,260,276,0
254,1097624785,266,620,2,10,260,276,0
254,1097624785,266,620,2,10,260,276,0
68,1085355985,563,613,8,11,272,278,0
68,1085355985,563,613,8,11,272,278,0
68,1085355985,563,613,8,11,272,278,0
254,1097624785,266,620,2,10,260,276,0
254,1097624785,266,620,2,10,260,276,0
68,1085355985,563,613,8,11,272,278,0
68,1085355985,563,613,8,11,272,278,0
68,1085355985,563,613,8,11,272,278,0
254,1097624785,266,620,2,10,260,276,0
254,1097624785,266,620,2,10,260,276,0
254,1097624785,266,620,2,10,260,276,0
68,1085355985,563,613,8,11,272,278,0
68,1085355985,563,613,8,11,272,278,0
68,1085355985,563,613,8,11,272,278,0
254,1097624785,266,620,2,10,260,276,0
254,1097624785,266,620,2,10,260,276,0
254,1097624785,266,620,2,10,260,276,0
68,1085355985,563,613,8,11,272,278,0
68,1085355985,563,613,8,11,272,278,0
68,1085355985,563,613,8,11,272,278,0
254,1097624785,266,620,2,10,260,276,0
68,1085355985,563,613,8,11,272,278,0
68,1085355985,563,613,8,11,272,278,0
68,1085355985,563,613,8,11,272,278,0
254,1097624785,266,620,2,10,260,276,0
254,1097624785,266,620,2,10,260,276,0
52,1085355985,563,613,8,11,272,278,0
68,1085355985,563,613,8,11,272,278,0
68,1085355985,563,613,8,11,272,278,0
254,1097624785,266,620,2,10,260,276,0
254,1097624785,266,620,2,10,260,276,0
254,1097624785,266,620,2,10,260,276,0
68,1085355985,563,613,8,11,272,278,0
68,1085355985,563,613,8,11,272,278,0
68,1085355985,563,613,8,11,272,278,0
254,1097624785,266,620,2,10,260,276,0
68,1085355985,563,613,8,11,272,278,0
68,1085355985,563,613,8,11,272,278,0
68,1085355985,563,613,8,11,272,278,0
254,1097624785,266,620,2,10,260,276,0
254,1097624785,266,620,2,10,260,276,0
254,1097624785,266,620,2,10,260,276,0
68,1085355985,563,613,8,11,272,278,0
68,1085355985,563,613,8,11,272,278,0
68,1085355985,563,613,8,11,272,278,0
254,1097624785,266,620,2,10,260,276,0
68,1085355985,563,613,8,11,272,278,0
68,1085355985,563,613,8,11,272,278,0
68,1085355985,563,613,8,11,272,278,0
254,1097624785,266,620,2,10,260,276,0
254,1097624785,266,620,2,10,260,276,0
68,1085355985,563,613,8,11,272,278,0
68,1085355985,563,613,8,11,272,278,0
68,1085355985,563,613,8,11,272,278,0
254,1097624785,266,620,2,10,260,276,0
150,1097624785,266,620,2,10,260,276,0
26,1097624785,266,620,2,10,260,276,0
